1, 0, 1, 9 9 9  
0, 0, -4, 3 5 5  
0, 0, 5, 8 8 8  
-487617, 826524, 892309, -918045 1744571 1744571  
-27857, 31475, -27857, 31475 0 0  
765193, 377201, 765191, 377199 2 2  
-784373, 390934, -784375, 390933 3 3  
-330706, 475232, -330708, 475232 2 2  
349530, -113416, 349528, -113415 3 3  
-583109, -842787, -583111, -842785 2 2  
699638, -732089, 699637, -732091 4 4  
771899, -921638, 771898, -921639 1 1  
753056, -453698, 753055, -453698 2 2  
117356, -862744, 117355, -862743 1 1  
931180, 957388, 931179, 957390 2 2  
225981, 669490, 225981, 669488 2 2  
-62771, -967730, -62771, -967731 3 3  
206592, -293811, 206592, -293811 0 0  
637628, -432514, 637628, -432513 1 1  
487223, -224313, 487223, -224311 2 2  
-873913, 949777, -873912, 949775 4 4  
-484806, -458089, -484805, -458090 1 1  
40211, 604450, 40212, 604450 2 2  
-572756, -281687, -572755, -281686 1 1  
-731157, 998155, -731156, 998157 2 2  
-63277, 642461, -63275, 642459 2 2  
914348, 266372, 914350, 266371 3 3  
350865, -249640, 350867, -249640 2 2  
-420991, -440652, -420989, -440651 3 3  
-500280, -30094, -500278, -30092 2 2  
-732513, -542725, 58853, -776738 791367 791367  
-571559, 252635, -156169, -159253 415390 415390  
674079, 934097, 686838, -858508 1792605 1792605  
-330110, 230031, 964597, -370703 1294708 1294708  
-46250, -598134, -469307, 35292 633426 633426  
653128, -124996, 337064, -873188 748192 748192  
565990, -966563, 656244, -570391 396172 396172  
653164, 287035, 218540, 91958 434625 434625  
98554, -419937, 221228, 622379 1042316 1042316  
-574481, 579426, 442096, 426106 1016578 1016578  
-20853, 170601, 638444, -783689 954292 954292  
636591, 227526, -113385, 160718 749976 749976  
839931, -701149, 81406, -904628 758525 758525  
758207, 205845, 400672, 486463 357536 357536  
885971, -715746, -117854, 833476 1549222 1549222  
170184, 784167, 999772, -17176 829589 829589  
-539857, 748436, -896740, 12797 735639 735639  
168858, 569210, 997844, 997385 828987 828987  
670859, -973579, 323107, -590101 383478 383478  
-1000000, -1000000, 1000000, 1000000 2000000 2000000  
-1000000, -1000000, 1000000, 999999 2000001 2000001  
-1000000, -1000000, 999999, 1000000 2000000 2000000  
1000000, 1000000, -1000000, -1000000 2000000 2000000  
1000000, 1000000, -1000000, -999999 2000001 2000001  
1000000, 1000000, -999999, -1000000 2000002 2000002  
1000000, -1000000, -1000000, 1000000 2000000 2000000  
-1000000, 1000000, 1000000, -999999 2000001 2000001  
-1000000, 1000000, 999999, -1000000 2000002 2000002  
1000000, -1000000, -1000000, 1000000 2000000 2000000  
1000000, -1000000, -999999, 1000000 2000000 2000000  
1000000, -1000000, -1000000, 999999 2000001 2000001  
0, 0, 1, -4 6 6  
0, 1, 0, -1 2 2  
0, 0, 8, 0 8 8  
1, 10, 11, 10 10 10  
0, 0, 1, 0 2 2  
800000, 800000, 500000, 600000 300000 300000  
999999, 999999, -999999, -999999 1999998 1999998  
0, 0, 0, -1 3 3  
0, 0, -3, -1 3 3  
0, 0, 1, -1 1 1  
-1000000, -1000000, 1000000, 999001 2000001 2000001  
5, 10, 5, 9 3 3  
-48761, 82654, 892309, -918045 1000701 1000701  
0, 0, 10, -10 10 10  
1000000, 1000000, -999999, 0 2000000 2000000  
-999999, 999999, 999999, 999998 1999999 1999999  
1, 1, -9, 1 10 10  
0, 0, 3, 0 4 4  
-900000, -500000, 1000000, 700000 1900000 1900000  
-999999, -999997, 999999, 999104 1999999 1999999  
0, 0, 10001, -3 10001 10001  
0, 0, 300, -1 301 301  
-478617, 826582, 896365, -914745 1741329 1741329  
0, 0, 2, 1 3 3  
0, 0, 0, -2 2 2  
4, 1, 1, 4 3 3  
0, 0, 3, 3 3 3  
-1000000, -1000000, 999999, 666666 2000000 2000000  
0, 1, 3, 1 4 4  
987654, 989898, -998877, -897976 1986532 1986532  
0, 0, 1, -3 3 3  
-643039, 155704, -426405, 83934 216634 216634  
10, 2, 4, 2 6 6  
0, 0, 1, -2 4 4  
-99999, 123, -999991, 99998 899993 899993  
0, 0, 2, -1 3 3  
0, 0, 5, -8 10 10  
-483649, 640827, 201850, -510648 1151475 1151475  
0, 0, 4, -3 5 5  
10, 10, 20, 30 20 20  
0, 1, 3, 0 3 3  
2, 0, 0, 0 2 2  
100, 1, 0, 0 101 101  
0, 2, 0, -3 7 7  
999999, 0, 0, 0 1000000 1000000  
0, 0, 0, -5 7 7  
0, 1, 0, 0 3 3  
12345, -12345, 12245, -12444 101 101  
0, 0, -30, -27 31 31  
-1000000, -1000000, 999991, -892344 1999992 1999992  
-16563, -15432, 875581, 509110 892144 892144  
100, 101, -100000, -99999 100100 100100  
-487617, 826524, 892309, -918049 1744575 1744575  
0, 0, 19233, 9382 19234 19234  
-1000000, 1000000, 999997, -1000000 2000002 2000002  
0, 0, -1, -2 4 4  
960864, 17412, -825303, -522786 1786168 1786168  
0, 0, 4, 2 4 4  
-1000000, -1000000, 999999, 999998 2000000 2000000  
0, 0, 8, -5 9 9  
0, 0, 10, -20 20 20  
23422, 23423, -23423, -23492 46915 46915  
0, 0, 5, 2 6 6  
0, 0, 2, 0 2 2  
0, 0, -1, -4 6 6  
2, 3, 0, 0 5 5  
0, 0, -2, 0 2 2  
28703, 31322, 23811, 30333 4893 4893  
100, 0, 0, 0 100 100  
368690, -479941, -102237, 513926 993867 993867  
-999998, 1, 999998, -1 1999996 1999996  
5, 5, 8, 4 3 3  
0, 0, 7, 0 8 8  
0, 0, 30, -31 33 33  
-99999, -99998, 99999, 99999 199999 199999  
0, 0, 3, 1 3 3  
0, 0, 1, 1 1 1  
1, 1, 0, 0 1 1  
0, 2, 0, 0 2 2  
1, 1, 5, 3 4 4  
0, -3, 0, -5 2 2  
0, 0, -4, -1 5 5  
