[2, 2, 3, 5, 4,] 5 5 [6, 4, 1, 1, 3,] 6 6 [5, 3, 5, 3, 3,] 10 10 [2, 3, 2,
2, 3,] 6 6 [1, 1, 1, 1, 1,] 5 5 [3, 4, 4, 3, 6,] 8 8 [6, 4, 3, 6, 1,] 12 12
[1, 5, 1, 3, 2,] 5 5 [4, 6, 4, 6, 1,] 12 12 [6, 1, 1, 6, 3,] 12 12 [2, 6,
3, 3, 5,] 6 6 [2, 4, 1, 1, 2,] 4 4 [4, 6, 5, 1, 4,] 8 8 [3, 3, 3, 5, 3,] 12
12 [4, 4, 1, 1, 5,] 8 8 [4, 4, 2, 2, 4,] 12 12 [3, 1, 1, 2, 4,] 4 4 [1, 4,
3, 4, 5,] 8 8 [1, 5, 6, 3, 5,] 10 10 [3, 5, 6, 5, 6,] 12 12 [6, 4, 4, 6, 4,]
12 12 [2, 6, 3, 1, 4,] 6 6 [3, 3, 4, 4, 2,] 8 8 [3, 6, 3, 5, 6,] 12 12 [6,
1, 2, 5, 1,] 6 6 [2, 2, 5, 6, 6,] 12 12 [5, 5, 5, 5, 6,] 20 20 [2, 2, 2, 2,
2,] 10 10 [6, 6, 6, 6, 6,] 30 30 [5, 2, 2, 2, 2,] 8 8 [6, 2, 2, 2, 6,] 12 12
[2, 2, 2, 3, 3,] 6 6 [5, 3, 5, 3, 6,] 10 10 [1, 3, 3, 3, 5,] 9 9 [5, 5, 5,
4, 5,] 20 20 [5, 3, 2, 4, 3,] 6 6 [1, 1, 1, 1, 1,] 5 5 [5, 5, 5, 5, 6,] 20
20 [2, 2, 2, 2, 2,] 10 10 [6, 6, 6, 6, 6,] 30 30 [5, 2, 2, 2, 2,] 8 8 [6,
2, 2, 2, 6,] 12 12 [2, 2, 2, 3, 3,] 6 6 [5, 3, 5, 3, 6,] 10 10 [1, 3, 3, 3,
5,] 9 9 [5, 5, 5, 4, 5,] 20 20 [5, 3, 2, 4, 3,] 6 6 [1, 1, 1, 1, 1,] 5 5 [5,
5, 5, 5, 6,] 20 20 [2, 2, 2, 2, 2,] 10 10 [6, 6, 6, 6, 6,] 30 30 [5, 2, 2,
2, 2,] 8 8 [6, 2, 2, 2, 6,] 12 12 [2, 2, 2, 3, 3,] 6 6 [5, 3, 5, 3, 6,] 10
10 [1, 3, 3, 3, 5,] 9 9 [5, 5, 5, 4, 5,] 20 20 [5, 3, 2, 4, 3,] 6 6 [1, 1,
1, 1, 1,]
 5 5
