"oxo?xox?", 3, 5 8 8  


"x??x", 9, 4 8 8  


"ooooxxxx", 12, 34 -1 -1  


"oxoxooxxxxooxoxo", 7, 4 0 0  


"?o", 6, 2 6 6  


"????????????????????", 50, 49 980 980  


"o??oxxo?xoox?ox??x??", 3, 10 38 38  


"??", 1, 50 2 2  


"o?", 1, 50 1 1  


"?o", 1, 50 1 1  


"x?", 1, 50 50 50  


"?x", 1, 50 50 50  


"xx", 1, 50 0 0  


"oo", 1, 50 0 0  


"xo", 1, 50 -1 -1  


"ox", 1, 50 -1 -1  


"??", 50, 1 2 2  


"o?", 50, 1 50 50  


"?o", 50, 1 50 50  


"x?", 50, 1 1 1  


"?x", 50, 1 1 1  


"xx", 50, 1 0 0  


"oo", 50, 1 0 0  


"xo", 50, 1 -1 -1  


"ox", 50, 1 -1 -1  


"????????????????????", 50, 1 20 20  


"??????????????????", 1, 50 18 18  


"??", 6, 6 12 12  


"?oo?", 36, 40 72 72  


"???xo??x", 21, 4 -1 -1  


"??o?x??o????", 3, 36 -1 -1  


"x???????????o???", 6, 33 111 111  


"???????????????????o", 3, 12 57 57  


"??????????o?", 34, 1 44 44  


"?o??o??????o??", 23, 18 213 213  


"???oo??????o???o", 15, 26 180 180  


"x????xxx????", 48, 34 272 272  


"??x??x??????x?", 16, 42 254 254  


"?xxx?x??x???????", 50, 6 66 66  


"??x?????????x??????x", 13, 15 227 227  


"?????????????x?????o", 8, 48 184 184  


"?????????x??????????", 10, 32 212 212  


"?o?ox??xx?o?xxxxo???", 13, 43 207 207  


"oo?o??xoo?xxxxooxxxo", 25, 11 -1 -1  


"???xx?ox???x?x?ooxox", 6, 2 -1 -1  


"oxoooooxoxoooxoxoxox", 19, 33 -1 -1  


"xoxxxooxoxooxxxxxoxx", 1, 9 -1 -1  


"oxxoxxoooxxoxoxoxxxo", 49, 7 -1 -1  


"????oo??????", 27, 43 270 270  


"ox???????????xxo", 14, 31 171 171  


"x??ooo?oo?oo??ooo?xx", 42, 49 301 301  


"?xxx????oxo?", 31, 49 -1 -1  


"???x???xo???x???", 44, 16 -1 -1  


"??x????ox??o?????xo?", 23, 20 -1 -1  


"?????o?xxxxx", 23, 44 243 243  


"x???x???xxo?xox?", 4, 37 230 230  


"o??x?o?oox???x?x?xo?", 11, 7 90 90  


"xxooxxxxooxx", 13, 2 0 0  


"oooxxxooooxxxooo", 48, 24 0 0  


"ooxxxxxooooooxxxxxoo", 34, 18 0 0  


"xxoxoxooxooooooooooo", 25, 5 -1 -1  


"?????????xo??????o??", 47, 46 -1 -1  


"ox?x??o??xo?????????", 12, 10 -1 -1  


"o???xo?oo??x???o????", 35, 41 -1 -1  


"????????????????????", 50, 50 1000 1000  


"ox", 1, 2 -1 -1  


"xox?", 3, 3 -1 -1  


"oo", 1, 2 0 0  


"xo", 1, 1 -1 -1  


"o??xxx", 5, 5 -1 -1  


"x?xxox", 5, 4 5 5  


"??", 49, 1 2 2  


"xox?", 1, 1 -1 -1  


"ooooox", 1, 1 -1 -1  


"x?xx", 20, 30 30 30  


"????????", 2, 20 16 16  


"oxxo", 2, 3 0 0  


"oo", 10, 20 0 0  


"??xo??", 11, 10 -1 -1  


"????????", 1, 1 8 8  


"oxox", 2, 3 -1 -1  


"x??o", 2, 1 -1 -1  


"ox", 1, 1 -1 -1  


"ooxx", 1, 2 -1 -1  


"??", 5, 4 8 8  


"?xo?", 10, 10 -1 -1  


"?oxx", 1, 2 -1 -1  


"oo", 1, 1 0 0  


"?oxo", 3, 3 -1 -1  


"xoxx", 3, 3 -1 -1  


"xooo", 5, 7 -1 -1  


"xxxxooo?", 1, 2 -1 -1  


"oxooo?", 2, 3 -1 -1  


"????????", 10, 5 40 40  


