533      [2, 4, 5,]   [2, 4, 5,]            0      [0, 0, 0,]
 [0, 0, 0,]            6      [0, 0, 6,]   [0, 0, 6,]            4091
     [17, 0, 11,]   [17, 0, 11,]            10000      [41,
13, 4,]   [41, 13, 4,]            72      [0, 6, 0,]   [0, 6, 0,]
      2400      [10, 0, 0,]   [10, 0, 0,]            504   
[2, 2, 0,]   [2, 2, 0,]            61      [0, 5, 1,]   [0, 5, 1,]
       76      [0, 6, 4,]   [0, 6, 4,]            669      [2,
15, 9,]   [2, 15, 9,]            889      [3, 14, 1,]   [3, 14, 1,]
        1201      [5, 0, 1,]   [5, 0, 1,]            1303   
[5, 8, 7,]   [5, 8, 7,]            1363      [5, 13, 7,]   [5, 13, 7,]
           1499      [6, 4, 11,]   [6, 4, 11,]            1584
   [6, 12, 0,]   [6, 12, 0,]            1845      [7, 13, 9,]
[7, 13, 9,]            1849      [7, 14, 1,]   [7, 14, 1,]
2580      [10, 15, 0,]   [10, 15, 0,]            2682   
[11, 3, 6,]   [11, 3, 6,]            2808      [11, 14, 0,]   [11,
14, 0,]            3505      [14, 12, 1,]   [14, 12, 1,]
3937      [16, 8, 1,]   [16, 8, 1,]            4022      [16,
15, 2,]   [16, 15, 2,]            4179      [17, 8, 3,]   [17, 8, 3,]
          4319      [17, 19, 11,]   [17, 19, 11,]            4382
   [18, 5, 2,]   [18, 5, 2,]            5261      [21, 18, 5,]
 [21, 18, 5,]            5819      [24, 4, 11,]   [24, 4, 11,]
    6524      [27, 3, 8,]   [27, 3, 8,]            6601   
[27, 10, 1,]   [27, 10, 1,]            7148      [29, 15, 8,]   [29,
15, 8,]            7170      [29, 17, 6,]   [29, 17, 6,]
7192      [29, 19, 4,]   [29, 19, 4,]            7310   
[30, 9, 2,]   [30, 9, 2,]            7344      [30, 12, 0,]   [30,
12, 0,]            7494      [31, 4, 6,]   [31, 4, 6,]
7533      [31, 7, 9,]   [31, 7, 9,]            7659      [31,
18, 3,]   [31, 18, 3,]            7946      [33, 2, 2,]   [33, 2, 2,]
          8241      [34, 6, 9,]   [34, 6, 9,]            8685
   [36, 3, 9,]   [36, 3, 9,]            9143      [38, 1, 11,]
 [38, 1, 11,]            9258      [38, 11, 6,]   [38, 11, 6,]
    9507      [39, 12, 3,]   [39, 12, 3,]            9600   
[40, 0, 0,]   [40, 0, 0,]            9966      [41, 10, 6,]   [41,
10, 6,]            9874      [41, 2, 10,]   [41, 2, 10,]
240      [1, 0, 0,]   [1, 0, 0,]            533      [2, 4, 5,]
  [2, 4, 5,]            239      [0, 19, 11,]   [0, 19, 11,]
  4091      [17, 0, 11,]   [17, 0, 11,]     
